14179 14076 11867 11941 
14076 11867 11941 11806 
11867 11941 11806 12478 
11941 11806 12478 9846 
13293 14802 4719 16139 9682 
14802 4719 16139 9682 10000 
4719 16139 9682 10000 13028 
16139 9682 10000 13028 6703 
9682 10000 13028 6703 14607 
10440 8488 16385 14585 14512 
8488 16385 14585 14512 9847 
16385 14585 14512 9847 4136 
14585 14512 9847 4136 15153 
14512 9847 4136 15153 14428 
10505 18229 14979 15258 12893 
18229 14979 15258 12893 14739 
14979 15258 12893 14739 21332 
15258 12893 14739 21332 20376 
12893 14739 21332 20376 18524 
3054 4682 
4682 2442 
8090 3681 11666 7470 
3681 11666 7470 7185 
11666 7470 7185 6587 
7470 7185 6587 11371 
19135 21212 18753 11996 20121 
21212 18753 11996 20121 11643 
18753 11996 20121 11643 10150 
11996 20121 11643 10150 8670 
20121 11643 10150 8670 5281 


6131 14405 8081 
14405 8081 2196 
8081 2196 6427 


5236 4233 
4233 7464 


10491 10031 2801 6902 
10031 2801 6902 3248 
2801 6902 3248 5491 
6902 3248 5491 1783 


9111 3144 11219 9672 8198 
3144 11219 9672 8198 16807 
11219 9672 8198 16807 6360 
9672 8198 16807 6360 17071 
8198 16807 6360 17071 14624 


22 29 
29 25 


23 23 
23 27 


46 26 44 
26 44 22 
44 22 17 


8 25 
25 12 


33 26 
26 29 


